start=4867.210834
speed=1.500000
pause=yes
volume=75.000000
