start=269.019000
speed=1.200000
pause=yes
sid=1
